76561197971478822
76561197995276417
76561198001006934
76561198001786384
76561198002514141
76561198003143338
76561198003534413
76561198010580215
76561198014574919
76561198016036835
76561198017762041
76561198018011472
76561198019464933
76561198028317733
76561198029480013
76561198031667574
76561198040567136
76561198041053141
76561198047890488
76561198052074329
76561198052294578
76561198053413433
76561198057084803
76561198060137871
76561198060395092
76561198060884445
76561198064812533
76561198075840838
76561198100706324
76561198113498485
76561198131459518
76561198134044433
76561198135605284
76561198141721177
76561198142585864
76561198143056299
76561198148019640
76561198151525384
76561198151923521
76561198167577639
76561198168034630
76561198169098861
76561198183918946
76561198218757217
76561198222368316
76561198238700680
76561198242701070
76561198261941819
76561198272741046
76561198273464546
76561198287570847
76561198288638631
76561198299758017
76561198305626248
76561198315905180
76561198321361062
76561198326726588
76561198329536620
76561198342913823
76561198350586076
76561198354933707
76561198365107990
76561198370293273
76561198388760410
76561198404244372
76561198407669531
76561198424476745
76561198444256686
76561198446249289
76561198452660396
76561198786364060
76561198799313272
76561198799694897
76561198802964204
76561198806896166
76561198844581127
76561198846929567
76561198854269414
76561198855824770
76561198856644182
76561198861264160
76561198874178909
76561198884422345
76561198917508714
76561198980132824
76561198985239435
76561198991342677
76561198991408326
76561198992892585
76561199014499851
76561199016674651
76561199016937406
76561199125690535
76561199127098116
76561199129038955
76561199129312120
76561199131473728
76561199154667327
76561199163207610
76561199168585524
76561199176674408
76561199187424396
76561199188514624
76561199203596179
76561199206637754
76561199213066793
76561199226601482
76561199251746048
76561199252668797
76561199257257227
76561199258036000
76561199278321012
76561199387032899
76561199389003016
76561199389897757
76561199390132309
76561199400641500
76561199421506394
76561199440928392
76561199468366727
76561199468975440
76561199489797437
76561199492970096
76561199493839506
76561199538728948
76561199546311619
76561199547551807
76561199580515740
76561199629000532
76561199695687978
76561199753281019
76561199771886605
76561199795891651
76561199814579337
76561199852702460
76561199875771621
76561199880152247
76561199884056183
